################### DUT0 
602 626 533 538 499 515 530 543 753 771 788 546 550 554 557 562 567 570 575 578 583 409 414 417 463 481 496 719 736 750 422 426 431 436 441 446 448 453 456 461 405 401 304 330 351 397 677 698 716 391 386 382 378 373 369 363 359 354 302 297 210 228 245 294 585 629 661 289 282 279 274 269 265 260 668 255 248 252 163 162 42 161 193 207 160 159 151 158 129 125 19 121 115 98 111 23 26 29 32 15 11 645

################### DUT1 
1001 1006 1011 1015 1017 1021 1025 1029 1033 1042 1050 1054 1058 1072 1093 1099 1112 1125 1140 1144 1162 1177 1181 1201 1217 1220 1236 1251 1256 1269 1275

################### DUT2 
2003 2007 2013 2018 2021 2026 2030 2047 2068 2072 2079 2097 2112 2115 2132 2148 2153 2170 2184 2187 2211 2226 2230 2252 2269 2278 2287 2291 2302 2306 2311 2315 2325 2339 2349 

################### DUT3
3001 3005 3010 3015 3017 3021 3025 3029 3033 3037 3041 3057 3073 3076 3095 3112 3116 3132 3150 3153 3166 3188 3191 3210 3228 3235

################### DUT4 
4000 4016 4032 4035 4057 4072 4088 4105 4108 4130 4145 4148 4164 4178 4182 4198 4213 

################### DUT5
5001 5025 5030 5033 5038 5041 5046 5049 5054 5058 5063 5067 5076 5094 5107 5124 5127 5151 5161 5189 5217 5236 5246 5266 5281 5285 5299 5315 5319 5338 

################### DUT6
6001 6006 6011 6014 6019 6022 6027 6030 6035 6038 6042 6058 6074 6077 6094 6110 6113 6127 6135  							
